3 4
1
Central Hotspot
1
1 0.500000 0.886364 0.080000 40.000000 0.000000 -1.000000
1
3 Jet
3
1 0.761364 0.247727 0.080000 40.000000 0.000000 -1.000000
1 0.504545 0.795454 0.080000 40.000000 -0.012345 0.999924
1 0.181818 0.425000 0.051443 25.721743 -0.119145 -0.992877
1
Opposite Jet + Sink
3
1 0.768182 0.861364 0.080000 40.000000 0.999849 -0.017389
1 0.231818 0.856818 0.080000 40.000000 -0.999289 0.037709
2 0.504545 0.854545 0.106480 33.275002 0.000000 -1.000000
1
2 Sinks around Jet
3
1 0.472728 0.745454 0.058320 29.159998 0.093341 -0.995634
1 0.522727 0.838636 0.080000 40.000000 -0.968803 -0.247833
1 0.438636 0.895455 0.058320 29.159998 0.297384 -0.954758
