STRUCT_SCENE_V4
NODES 5
1 288.000000 512.000000 0 0 0
2 368.000000 608.000000 0 0 0
3 448.000000 512.000000 0 0 0
4 416.000000 724.000000 1 1 1
5 304.000000 724.000000 1 1 1
EDGES 8
1 1 2 124.963997 0 0 0
2 2 3 124.963997 0 0 0
3 3 4 214.401489 0 0 0
4 4 3 214.401489 0 0 0
5 3 1 160.000000 0 0 0
6 1 5 212.602921 0 0 0
7 5 2 132.483963 0 0 0
9 2 4 125.538841 0 0 0
MATERIALS 3
0 Steel 20000000.000000 8.000000 24.000000 7850.000000 0.000000
1 Aluminum 7000000.000000 6.000000 18.000000 2700.000000 0.000000
2 Wood 1200000.000000 5.000000 12.000000 600.000000 0.000000
LOAD_CASES 1
0 Default
ACTIVE_CASE 0
GROUND_OFFSET 48.000000
GRAVITY 1 9.800000
LOADS 0
