STRUCT_SCENE_V4
NODES 7
1 368.000000 512.000000 0 0 0
2 352.000000 724.000000 1 1 1
3 480.000000 512.000000 0 0 0
4 496.000000 724.000000 1 1 1
5 480.000000 432.000000 0 0 0
6 16.000000 432.000000 0 0 0
7 16.000000 512.000000 0 0 0
EDGES 7
1 2 1 212.602921 0 0 0
2 1 3 112.000000 0 0 0
3 4 3 212.602921 0 0 0
4 3 5 80.000000 0 0 0
5 5 6 464.000000 0 0 0
6 6 7 80.000000 0 0 0
7 7 1 352.000000 0 0 0
MATERIALS 3
0 Steel 20000000.000000 8.000000 24.000000 7850.000000 200000.000000
1 Aluminum 7000000.000000 6.000000 18.000000 2700.000000 70000.000000
2 Wood 1200000.000000 5.000000 12.000000 600.000000 12000.000000
LOAD_CASES 1
0 Default
ACTIVE_CASE 0
GROUND_OFFSET 48.000000
GRAVITY 1 9.800000
LOADS 0
