STRUCT_SCENE_V4
NODES 5
1 464.000000 384.000000 0 0 0
2 464.000000 724.000000 1 1 1
3 256.000000 724.000000 1 1 1
4 256.000000 384.000000 0 0 0
5 368.000000 224.000000 0 0 0
EDGES 6
1 1 2 340.000000 0 0 0
2 2 3 208.000000 0 0 0
3 3 4 340.000000 0 0 0
4 4 1 208.000000 0 0 0
5 1 5 186.590454 0 0 0
6 5 4 195.304886 0 0 0
MATERIALS 3
0 Steel 20000000.000000 8.000000 24.000000 7850.000000 0.000000
1 Aluminum 7000000.000000 6.000000 18.000000 2700.000000 0.000000
2 Wood 1200000.000000 5.000000 12.000000 600.000000 0.000000
LOAD_CASES 1
0 Default
ACTIVE_CASE 0
GROUND_OFFSET 48.000000
GRAVITY 1 9.800000
LOADS 0
