STRUCT_SCENE_V4
NODES 8
1 112.000000 724.000000 1 1 1
2 112.000000 384.000000 0 0 0
3 672.000000 384.000000 0 0 0
4 672.000000 724.000000 1 1 1
5 400.000000 384.000000 0 0 0
6 256.000000 144.000000 0 0 0
7 544.000000 144.000000 0 0 0
8 400.000000 208.000000 0 0 0
EDGES 14
1 1 2 340.000000 0 0 0
2 2 3 560.000000 0 0 0
3 3 4 340.000000 0 0 0
4 4 5 435.412445 0 0 0
5 5 1 445.582764 0 0 0
6 2 6 279.885681 0 0 0
7 6 5 279.885681 0 0 0
8 5 7 279.885681 0 0 0
9 7 3 272.000000 0 0 0
10 3 7 272.000000 0 0 0
11 5 8 176.000000 0 0 0
12 8 6 157.581726 0 0 0
13 6 7 288.000000 0 0 0
14 7 8 157.581726 0 0 0
MATERIALS 3
0 Steel 20000000.000000 8.000000 24.000000 7850.000000 200000.000000
1 Aluminum 7000000.000000 6.000000 18.000000 2700.000000 70000.000000
2 Wood 1200000.000000 5.000000 12.000000 600.000000 12000.000000
LOAD_CASES 1
0 Default
ACTIVE_CASE 0
GROUND_OFFSET 48.000000
GRAVITY 1 9.800000
LOADS 0
