STRUCT_SCENE_V4
NODES 9
5 592.000000 724.000000 1 1 1
22 512.000000 724.000000 1 1 1
32 512.000000 576.000000 0 0 0
33 592.000000 576.000000 0 0 0
37 544.000000 512.000000 0 0 0
35 64.000000 576.000000 0 0 0
36 320.000000 512.000000 0 0 0
38 64.000000 48.000000 0 0 0
39 320.000000 64.000000 0 0 0
EDGES 14
77 22 32 148.000000 0 0 0
78 32 22 148.000000 0 0 0
79 22 5 80.000000 0 0 0
80 5 33 148.000000 0 0 0
90 37 36 224.000000 0 0 0
82 33 32 80.000000 0 0 0
83 32 35 448.000000 0 0 0
84 35 36 263.878754 0 0 0
85 36 32 202.385773 0 0 0
86 32 37 71.554176 0 0 0
87 37 33 80.000000 0 0 0
91 35 38 528.000000 0 0 0
92 38 39 256.499512 0 0 0
93 39 36 448.000000 0 0 0
MATERIALS 3
0 Steel 200000.000000 1.000000 1.000000 7850.000000 0.000000
1 Aluminum 70000.000000 1.000000 1.000000 2700.000000 0.000000
2 Wood 10000.000000 1.000000 1.000000 600.000000 0.000000
LOAD_CASES 1
0 Default
ACTIVE_CASE 0
GROUND_OFFSET 48.000000
GRAVITY 1 33.799999
LOADS 0
