STRUCT_SCENE_V3
NODES 10
5 592.000000 724.000000 0 1 0
22 512.000000 724.000000 0 0 0
23 512.000000 608.000000 0 0 0
24 592.000000 608.000000 0 0 0
25 656.000000 608.000000 0 0 0
26 656.000000 528.000000 0 0 0
27 32.000000 528.000000 0 0 0
28 32.000000 608.000000 0 0 0
29 512.000000 528.000000 0 0 0
30 592.000000 528.000000 0 0 0
EDGES 21
54 22 23 116.000000 0
55 23 5 140.911316 0
56 5 24 116.000000 0
57 24 22 140.911316 0
58 22 23 116.000000 0
59 23 24 80.000000 0
60 24 25 64.000000 0
61 25 26 80.000000 0
62 26 27 624.000000 0
63 27 28 80.000000 0
64 28 23 480.000000 0
65 23 27 486.621002 0
66 27 28 80.000000 0
67 28 29 486.621002 0
68 29 24 113.137085 0
69 24 30 80.000000 0
70 30 23 113.137085 0
71 23 29 80.000000 0
72 29 25 164.730087 0
73 25 26 80.000000 0
74 26 23 164.730087 0
MATERIALS 3
0 Steel 200000.000000 1.000000 1.000000 7850.000000
1 Aluminum 70000.000000 1.000000 1.000000 2700.000000
2 Wood 10000.000000 1.000000 1.000000 600.000000
LOAD_CASES 1
0 Default
ACTIVE_CASE 0
GROUND_OFFSET 48.000000
GRAVITY 1 33.799999
LOADS 0
